202207120530
202207121500
202207121400
202207121430
202207121300
202207121330
202207121200
202207121230
202207121100
202207121130
202207121000
202207121030
202207120900
202207120930
202207120800
202207120830
202207120700
202207120730
202207120600
202207120630
202207120545
202207121415
202207121315
202207121215
202207121115
202207121015
202207120915
202207120815
202207120715
202207120615
202207130400
202207130430
202207130300
202207130330
202207130200
202207130230
202207130100
202207130130
202207130000
202207130030
202207122300
202207122330
202207122200
202207122230
202207122100
202207122130
202207122000
202207122030
202207121900
202207121930
202207121800
202207121830
202207121700
202207121730
202207121600
202207121630
202207121515
202207121545
202207121345
202207121145
202207120945
202207120745
202207130415
202207130315
202207130215
202207130115
202207130015
202207122315
202207122215
202207122115
202207122015
202207121915
202207121815
202207121715
202207121615
202207121530
202207121245
202207120845
202207130500
202207130445
202207130245
202207130045
202207122245
202207122045
202207121845
202207121645
202207121045
202207130515
202207130345
202207122345
202207121945
202207121445
202207130530
202207130145
202207121745
202207130545
202207120645
202207130600
202207122145
202207130615
202207130630
202207130645
